1554696936.000000, IBI
26.188699,0.687531
49.095997,0.640654
49.767903,0.671906
50.455435,0.687531
51.142966,0.687531
66.159278,0.625029
66.784307,0.625029
67.534341,0.750034
68.159370,0.625029
68.878153,0.718783
69.565684,0.687531
70.221964,0.656280
77.144156,0.703157
94.754337,0.687531
95.394992,0.640654
141.772115,0.312514
161.710527,0.656280
162.413684,0.703157
163.038713,0.625029
163.726244,0.687531
164.382524,0.656280
165.054430,0.671906
165.710710,0.656280
166.460745,0.750034
167.085773,0.625029
167.742053,0.656280
168.413959,0.671906
169.085865,0.671906
169.773396,0.687531
170.445302,0.671906
171.132833,0.687531
171.804739,0.671906
172.523522,0.718783
173.211054,0.687531
195.821464,0.640654
202.196755,0.640654
202.884287,0.687531
203.524941,0.640654
246.323775,0.703157
247.042558,0.718783
247.745715,0.703157
248.495750,0.750034
249.230158,0.734409
249.933316,0.703157
250.667724,0.734409
251.370881,0.703157
252.074039,0.703157
252.792821,0.718783
253.495979,0.703157
254.183510,0.687531
254.886667,0.703157
255.574199,0.687531
256.277356,0.703157
256.980513,0.703157
257.683670,0.703157
258.386827,0.703157
293.232172,0.640654
293.888453,0.656280
324.811743,0.687531
336.062258,0.625029
342.750064,0.656280
343.421970,0.671906
344.093876,0.671906
344.765781,0.671906
345.422061,0.656280
346.093967,0.671906
346.765873,0.671906
347.437779,0.671906
348.078433,0.640654
348.734713,0.656280
356.375688,0.640654
357.000716,0.625029
357.641371,0.640654
358.297651,0.656280
358.938305,0.640654
359.610211,0.671906
360.266491,0.656280
360.938397,0.671906
361.625928,0.687531
362.313460,0.687531
362.969740,0.656280
363.657271,0.687531
364.344803,0.687531
365.032334,0.687531
372.704560,0.859414
386.377061,0.656280
397.893213,0.671906
398.580745,0.687531
399.268276,0.687531
399.924556,0.656280
400.565211,0.640654
410.753177,0.687531
411.440708,0.687531
412.128240,0.687531
412.800146,0.671906
420.722383,0.687531
421.425540,0.703157
422.050569,0.625029
422.722475,0.671906
423.378755,0.656280
424.050661,0.671906
424.691315,0.640654
425.363221,0.671906
426.050752,0.687531
426.738284,0.687531
427.441441,0.703157
428.113347,0.671906
428.832129,0.718783
436.738741,0.656280
437.363770,0.625029
438.004424,0.640654
438.645079,0.640654
439.332610,0.687531
440.051393,0.718783
440.692047,0.640654
441.332702,0.640654
442.004607,0.671906
442.676513,0.671906
443.317168,0.640654
444.004699,0.687531
444.676605,0.671906
445.317259,0.640654
445.989165,0.671906
446.629819,0.640654
447.254848,0.625029
447.895502,0.640654
448.567408,0.671906
471.396578,0.609403
472.005981,0.609403
472.646635,0.640654
473.271664,0.625029
473.927944,0.656280
474.537347,0.609403
508.554529,0.593777
509.101429,0.546900
509.679580,0.578151
510.257732,0.578151
510.851509,0.593777
511.460912,0.609403
512.070315,0.609403
512.679718,0.609403
517.726824,0.593777
518.367478,0.640654
519.008132,0.640654
519.664412,0.656280
520.320692,0.656280
531.477453,0.656280
532.149359,0.671906
532.821265,0.671906
533.493170,0.671906
534.086947,0.593777
534.836982,0.750034
535.508888,0.671906
536.180793,0.671906
536.837073,0.656280
537.524605,0.687531
538.196511,0.671906
538.884042,0.687531
539.602825,0.718783
540.274731,0.671906
540.962262,0.687531
541.634168,0.671906
542.306074,0.671906
542.977979,0.671906
543.649885,0.671906
544.337417,0.687531
545.024948,0.687531
545.728105,0.703157
546.384385,0.656280
547.103168,0.718783
560.588161,0.656280
561.197563,0.609403
561.838218,0.640654
562.463246,0.625029
563.119526,0.656280
563.760181,0.640654
564.416461,0.656280
565.088367,0.671906
565.760272,0.671906
566.432178,0.671906
567.104084,0.671906
567.775990,0.671906
568.463521,0.687531
569.088550,0.625029
569.776081,0.687531
570.447987,0.671906
571.057390,0.609403
571.729295,0.671906
572.401201,0.671906
573.041856,0.640654
573.682510,0.640654
574.338790,0.656280
575.010696,0.671906
575.651350,0.640654
576.323256,0.671906
576.995162,0.671906
577.651442,0.656280
578.338973,0.687531
579.010879,0.671906
606.918406,0.671906
607.605938,0.687531
608.293469,0.687531
609.012252,0.718783
619.012710,0.671906
619.700241,0.687531
620.387773,0.687531
621.059679,0.671906
621.747210,0.687531
622.434741,0.687531
623.122273,0.687531
623.794179,0.671906
624.481710,0.687531
625.059862,0.578151
625.809896,0.750034
626.481802,0.671906
627.184959,0.703157
627.888116,0.703157
635.747851,0.656280
636.451008,0.703157
637.138540,0.687531
637.763568,0.625029
640.498068,0.625029
652.654875,0.671906
653.342406,0.687531
654.045563,0.703157
654.748721,0.703157
655.436252,0.687531
656.139409,0.703157
656.826941,0.687531
657.483221,0.656280
658.186378,0.703157
658.811407,0.625029
666.686767,0.718783
667.311796,0.625029
667.936824,0.625029
668.530602,0.593777
669.202507,0.671906
669.796284,0.593777
670.436939,0.640654
671.077593,0.640654
671.780750,0.703157
672.452656,0.671906
673.124562,0.671906
673.765216,0.640654
703.313444,0.609403
704.047852,0.734409
704.672881,0.625029
715.798390,0.593777
719.517310,0.609403
720.126713,0.609403
720.767368,0.640654
721.408022,0.640654
722.064302,0.656280
734.424243,0.656280
735.127400,0.703157
746.456043,0.640654
754.737673,0.671906
755.440830,0.703157
756.206490,0.765660
756.831518,0.625029
763.159933,0.718783
763.878716,0.718783
764.597499,0.718783
783.442111,0.671906
784.098392,0.656280
784.785923,0.687531
785.442203,0.656280
786.145360,0.703157
786.801640,0.656280
787.645429,0.843789
795.270778,0.703157
795.958309,0.687531
796.630215,0.671906
797.333372,0.703157
798.005278,0.671906
798.692810,0.687531
805.568124,0.656280
806.240030,0.671906
806.896310,0.656280
807.630719,0.734409
808.255747,0.625029
808.943279,0.687531
809.599559,0.656280
810.224587,0.625029
810.865242,0.640654
811.505896,0.640654
812.130925,0.625029
823.568948,0.656280
824.209603,0.640654
824.944011,0.734409
835.413240,0.640654
836.116398,0.703157
836.725801,0.609403
837.366455,0.640654
837.991483,0.625029
838.632138,0.640654
839.288418,0.656280
839.929072,0.640654
840.585352,0.656280
841.241632,0.656280
841.897912,0.656280
882.399766,0.625029
883.056046,0.656280
883.696701,0.640654
884.337355,0.640654
884.993635,0.656280
885.649915,0.656280
886.290569,0.640654
886.962475,0.671906
887.603129,0.640654
888.259409,0.656280
888.915689,0.656280
889.571970,0.656280
890.212624,0.640654
890.868904,0.656280
891.509558,0.640654
892.165838,0.656280
892.806493,0.640654
893.415895,0.609403
894.025298,0.609403
894.650327,0.625029
895.306607,0.656280
895.931636,0.625029
896.556664,0.625029
897.166067,0.609403
897.884850,0.718783
898.431750,0.546900
899.056779,0.625029
899.603679,0.546900
900.181830,0.578151
900.791233,0.609403
901.416262,0.625029
902.072542,0.656280
902.728822,0.656280
903.385102,0.656280
904.041382,0.656280
904.697662,0.656280
1009.811848,0.765660
1010.546257,0.734409
1011.249414,0.703157
1011.936946,0.687531
1012.671354,0.734409
1013.343260,0.671906
1069.158315,0.609403
1069.720841,0.562526
1070.330244,0.609403
1070.908395,0.578151
1071.517798,0.609403
1072.111575,0.593777
1072.752229,0.640654
1073.299129,0.546900
1073.939784,0.640654
1074.549187,0.609403
1075.189841,0.640654
1075.814870,0.625029
1090.112399,0.593777
1090.753053,0.640654
1091.362456,0.609403
1095.737657,0.625029
1096.347059,0.609403
1096.972088,0.625029
1097.581491,0.609403
1098.206520,0.625029
1098.831548,0.625029
1099.456577,0.625029
1100.097231,0.640654
1100.722260,0.625029
1122.988904,0.703157
1123.692061,0.703157
1124.363967,0.671906
1125.067124,0.703157
1156.287303,0.609403
1156.865455,0.578151
1175.147542,0.656280
1175.788196,0.640654
1176.460102,0.671906
1177.022627,0.562526
1177.772662,0.750034
1178.382065,0.609403
1179.038345,0.656280
1179.647748,0.609403
1180.319653,0.671906
1180.944682,0.625029
1181.569710,0.625029
1182.241616,0.671906
1182.882271,0.640654
1183.554176,0.671906
1184.226082,0.671906
1184.866736,0.640654
1185.538642,0.671906
1186.163671,0.625029
1186.819951,0.656280
1187.460605,0.640654
1203.211326,0.656280
1203.867606,0.656280
1204.539512,0.671906
1205.195792,0.656280
1216.102541,0.625029
1216.711944,0.609403
1219.587076,0.562526
1220.180853,0.593777
1220.774630,0.593777
1221.384033,0.609403
1222.009062,0.625029
1222.618464,0.609403
1223.243493,0.625029
1223.852896,0.609403
1224.462299,0.609403
1225.087327,0.625029
1225.696730,0.609403
1226.321759,0.625029
1226.946788,0.625029
1227.524939,0.578151
1228.087465,0.562526
1228.743745,0.656280
1229.259393,0.515649
1229.915673,0.656280
1230.509451,0.593777
1231.103228,0.593777
1231.712631,0.609403
1232.337659,0.625029
1232.931437,0.593777
1233.509588,0.578151
1234.118991,0.609403
1234.712768,0.593777
1238.228554,0.578151
1238.775454,0.546900
1239.369231,0.593777
1239.963008,0.593777
1240.525534,0.562526
1241.119311,0.593777
1241.697463,0.578151
1242.306866,0.609403
1242.885017,0.578151
1243.478794,0.593777
1244.056946,0.578151
1244.650723,0.593777
1245.244500,0.593777
1245.900780,0.656280
1249.479069,0.609403
1250.150975,0.671906
1250.744752,0.593777
1251.401032,0.656280
1252.041686,0.640654
1252.697966,0.656280
1253.338621,0.640654
1253.994901,0.656280
1272.558250,0.593777
1273.167653,0.609403
1273.777056,0.609403
1274.370833,0.593777
1274.948985,0.578151
1275.542762,0.593777
1276.105288,0.562526
1276.699065,0.593777
1277.261590,0.562526
1277.839742,0.578151
1278.402268,0.562526
1279.011671,0.609403
1279.589822,0.578151
1280.183599,0.593777
1280.761751,0.578151
1281.324276,0.562526
1281.918054,0.593777
1282.543082,0.625029
1298.809452,0.671906
1299.434480,0.625029
1300.059509,0.625029
1300.700163,0.640654
1301.340818,0.640654
1301.981472,0.640654
1302.622126,0.640654
1303.262781,0.640654
1303.903435,0.640654
1304.528464,0.625029
1305.169118,0.640654
1305.809772,0.640654
1310.747498,0.609403
1317.029036,0.640654
1317.685316,0.656280
1318.310344,0.625029
1318.966624,0.656280
1319.622905,0.656280
1357.937158,0.640654
1358.609064,0.671906
1359.296596,0.687531
1359.937250,0.640654
1360.640407,0.703157
1361.327939,0.687531
1361.968593,0.640654
1366.687559,0.656280
1367.375090,0.687531
1368.046996,0.671906
1368.734528,0.687531
1374.187902,0.671906
1374.875434,0.687531
1375.547339,0.671906
1376.219245,0.671906
1376.922402,0.703157
1380.328808,0.703157
1381.031965,0.703157
1381.703871,0.671906
1382.391403,0.687531
1383.078934,0.687531
1383.782091,0.703157
1384.453997,0.671906
1385.141529,0.687531
1385.844686,0.703157
1386.532217,0.687531
1387.204123,0.671906
1387.907280,0.703157
1388.579186,0.671906
1389.251092,0.671906
1389.938623,0.687531
1390.594903,0.656280
1391.266809,0.671906
1391.938715,0.671906
1392.594995,0.656280
1393.220023,0.625029
1393.860678,0.640654
1394.470081,0.609403
1395.141986,0.671906
1395.767015,0.625029
1396.438921,0.671906
1397.063949,0.625029
1400.173467,0.625029
1403.361113,0.687531
1403.970515,0.609403
1404.658047,0.687531
1407.892570,0.656280
1408.548850,0.656280
1409.205130,0.656280
1409.861410,0.656280
1442.519155,0.687531
1443.175435,0.656280
1443.816089,0.640654
1444.503621,0.687531
1445.175527,0.671906
1445.831807,0.656280
1446.519338,0.687531
1447.175618,0.656280
1447.816272,0.640654
1448.488178,0.671906
1449.175710,0.687531
1449.816364,0.640654
1450.472644,0.656280
1451.128924,0.656280
1451.785204,0.656280
1452.441484,0.656280
1453.082139,0.640654
1453.738419,0.656280
1479.302089,0.640654
1479.989620,0.687531
1480.708403,0.718783
1490.255715,0.609403
1499.990536,0.578151
1500.615564,0.625029
1501.287470,0.671906
1501.912499,0.625029
1502.568779,0.656280
1503.178182,0.609403
1503.959467,0.781286
1506.959605,0.625029
1507.584633,0.625029
1508.225288,0.640654
1514.788088,0.578151
1515.381865,0.593777
1516.006894,0.625029
1516.600671,0.593777
1517.225700,0.625029
1517.835103,0.609403
1518.460131,0.625029
1519.085160,0.625029
1519.710188,0.625029
1520.350843,0.640654
1520.960246,0.609403
1521.569649,0.609403
1522.225929,0.656280
1522.866583,0.640654
1523.444734,0.578151
1524.054137,0.609403
1524.663540,0.609403
1525.272943,0.609403
1525.882346,0.609403
1526.585503,0.703157
1529.445009,0.578151
1530.038786,0.593777
1530.663815,0.625029
1531.257592,0.593777
1531.882621,0.625029
1532.617029,0.734409
1533.210806,0.593777
1533.710829,0.500023
1534.367109,0.656280
1534.945261,0.578151
1535.585915,0.640654
1536.195318,0.609403
1536.789095,0.593777
1537.367247,0.578151
1537.992275,0.625029
1538.601678,0.609403
1539.242332,0.640654
1539.851735,0.609403
1540.445513,0.593777
1541.054915,0.609403
1541.664318,0.609403
1542.273721,0.609403
1542.883124,0.609403
1543.523778,0.640654
1544.117556,0.593777
1544.758210,0.640654
1545.414490,0.656280
1545.961390,0.546900
1546.602044,0.640654
1547.258324,0.656280
1547.805224,0.546900
1548.430253,0.625029
1549.055282,0.625029
1549.711562,0.656280
1550.274087,0.562526
1550.914742,0.640654
1551.477268,0.562526
1552.102296,0.625029
1552.727325,0.625029
1553.367979,0.640654
1554.008633,0.640654
1554.586785,0.578151
1555.227439,0.640654
1555.836842,0.609403
1556.493122,0.656280
1557.118151,0.625029
1557.743179,0.625029
1558.399459,0.656280
1558.946359,0.546900
1559.602639,0.656280
1560.243294,0.640654
1560.868322,0.625029
1561.477725,0.609403
1562.165257,0.687531
1562.774660,0.609403
1563.415314,0.640654
1564.055968,0.640654
1564.712248,0.656280
1565.337277,0.625029
1565.993557,0.656280
1566.618586,0.625029
1567.259240,0.640654
1567.884269,0.625029
1568.540549,0.656280
1569.040571,0.500023
1599.526342,0.609403
1606.979808,0.593777
1607.604837,0.625029
1610.542471,0.578151
1611.230003,0.687531
1625.230644,0.640654
1625.902549,0.671906
1626.558829,0.656280
1627.215109,0.656280
1627.902641,0.687531
1628.527669,0.625029
1629.168324,0.640654
1629.871481,0.703157
1630.418381,0.546900
1631.059035,0.640654
1631.715315,0.656280
1632.340344,0.625029
1633.012250,0.671906
1633.621653,0.609403
1634.277933,0.656280
1634.918587,0.640654
1635.559241,0.640654
1636.215521,0.656280
1636.856176,0.640654
1637.512456,0.656280
1638.121859,0.609403
1648.216071,0.656280
1648.841099,0.625029
1649.466128,0.625029
1650.091156,0.625029
1650.716185,0.625029
1651.356839,0.640654
1651.997494,0.640654
1652.653774,0.656280
1653.294428,0.640654
1653.950708,0.656280
1654.622614,0.671906
1655.278894,0.656280
1655.903923,0.625029
1656.560203,0.656280
1657.200857,0.640654
1657.810260,0.609403
1658.435288,0.625029
1731.047987,0.687531
1765.174549,0.640654
1765.830829,0.656280
1766.424607,0.593777
1767.049635,0.625029
1767.674664,0.625029
1768.315318,0.640654
1768.971598,0.656280
1769.627878,0.656280
1770.284158,0.656280
1770.924813,0.640654
1771.596718,0.671906
1772.221747,0.625029
1772.862401,0.640654
1773.503056,0.640654
1774.128084,0.625029
1774.799990,0.671906
1775.425019,0.625029
1776.050047,0.625029
1776.690701,0.640654
1777.346982,0.656280
1777.940759,0.593777
1778.628290,0.687531
1779.190816,0.562526
1779.815845,0.625029
1805.488895,0.718783
1806.082672,0.593777
1806.738952,0.656280
1807.379606,0.640654
1808.067138,0.687531
1808.739043,0.671906
1809.442201,0.703157
1810.129732,0.687531
1810.817264,0.687531
1811.473544,0.656280
1812.161075,0.687531
1812.801729,0.640654
1813.458009,0.656280
1826.177342,0.750034
1826.943002,0.765660
1827.693036,0.750034
1828.443070,0.750034
1829.193105,0.750034
1829.958765,0.765660
1830.693173,0.734409
1834.099579,0.671906
1834.771485,0.671906
1835.474642,0.703157
1836.162174,0.687531
1836.865331,0.703157
1837.599740,0.734409
1838.177891,0.578151
1838.834171,0.656280
1839.506077,0.671906
1840.162357,0.656280
1840.818637,0.656280
1841.490543,0.671906
1842.146823,0.656280
1842.803103,0.656280
1843.459383,0.656280
1844.100037,0.640654
1844.756317,0.656280
1845.396971,0.640654
1846.053252,0.656280
1846.709532,0.656280
1847.365812,0.656280
1848.037717,0.671906
1848.693997,0.656280
1849.365903,0.671906
1850.037809,0.671906
1850.709715,0.671906
1851.381620,0.671906
1852.069152,0.687531
1852.741058,0.671906
1853.428589,0.687531
1854.116121,0.687531
1854.803652,0.687531
1855.491184,0.687531
1856.178715,0.687531
1856.850621,0.671906
1857.553778,0.703157
1858.225684,0.671906
1858.913215,0.687531
1859.600747,0.687531
1860.288278,0.687531
1860.991435,0.703157
1861.663341,0.671906
1862.350873,0.687531
1863.022778,0.671906
1863.741561,0.718783
1864.429093,0.687531
1865.116624,0.687531
1876.476519,0.656280
1877.179676,0.703157
1877.835956,0.656280
1878.539114,0.703157
1879.242271,0.703157
1879.929802,0.687531
1880.632959,0.703157
1881.320491,0.687531
1882.023648,0.703157
1882.695554,0.671906
1883.367460,0.671906
1884.054991,0.687531
1884.742522,0.687531
1892.836643,0.703157
1893.524174,0.687531
1894.196080,0.671906
1894.883612,0.687531
1895.586769,0.703157
1896.258675,0.671906
1896.930580,0.671906
1897.618112,0.687531
1898.305643,0.687531
1898.993175,0.687531
1899.665081,0.671906
1900.352612,0.687531
1901.040143,0.687531
1901.727675,0.687531
1902.383955,0.656280
1903.071486,0.687531
1903.759018,0.687531
1904.415298,0.656280
1905.087204,0.671906
1905.743484,0.656280
1906.415390,0.671906
1907.087295,0.671906
1907.759201,0.671906
1908.431107,0.671906
1909.118638,0.687531
1909.806170,0.687531
1910.493701,0.687531
1911.165607,0.671906
1911.837513,0.671906
1912.556296,0.718783
1913.196950,0.640654
1913.900107,0.703157
1914.572013,0.671906
1915.259544,0.687531
1915.947076,0.687531
1916.650233,0.703157
1917.337765,0.687531
1918.056547,0.718783
1918.744079,0.687531
1927.416351,0.640654
1928.057005,0.640654
1928.697659,0.640654
1929.307062,0.609403
1929.947717,0.640654
1930.588371,0.640654
1931.213400,0.625029
1931.854054,0.640654
1932.479083,0.625029
1933.104111,0.625029
1933.729140,0.625029
1934.354168,0.625029
1934.994823,0.640654
1935.619851,0.625029
1936.260506,0.640654
1936.885534,0.625029
1937.541814,0.656280
1938.229346,0.687531
1938.870000,0.640654
1945.698438,0.671906
1946.385969,0.687531
1947.057875,0.671906
1947.776658,0.718783
1948.495441,0.718783
1949.167346,0.671906
1949.854878,0.687531
1950.542409,0.687531
1951.198689,0.656280
1951.870595,0.671906
1952.542501,0.671906
1953.214407,0.671906
1953.886312,0.671906
1954.558218,0.671906
